24061104
24061103
24061102
24061101
24061100
24061099
24061098
24061097
24061096
24061095
24061094
24061093
24061092
24061091
24061090
24061089
24061088
24061087
24061086
24061085
24061084
24061083
24061082
24061081
24061080
24061079
24061078
24061077
24061076
24061075
24061074
23242893
23242892
23242891
23242890
23242889
23242888
23242887
23242886
23242885
23242884
23242883
23242882
23242881
23242880
23242879
23242878
23242877
22365136
22365135
22365134
22365133
22365132
22365131
22365130
22365129
22365128
22365127
22365126
22365125
22365124
22365123
22365122
22365121
22365120
22365119
22365118
22091685
22091684
22091683
22091682
22091681
22091680
22091679
22091678
22091677
22091676
22091675
22091674
22091673
22091672
22091671
22091670
22091669
22091668
22091667
22091666
22091665
22091664
22091663
22091662
22091661
22091660
22091659
22091658
22091657
22091656
22091655
22091654
22091653
22091652
22091651
22091650
22091649
22091648
22091647
22091646
22091645
22091644
22091643
22091642
22091641
22091640
22091639
22091638
22091637
22091636
21460642
21402704
21402703
21402702
21402701
21402700
21402699
21402698
21402696
21402695
21402694
21402693
21402692
21402691
21402690
21218878
21218877
21218876
21218875
21218874
21218873
21218872
21218871
21218870
21218869
21218868
21218867
21218866
21218865
21218864
21218863
21218862
21218861
21218860
21218859
21218858
21218857
21218856
21218855
21218854
21218853
21218852
21218851
21218850
21218849
21218848
21218847
21218846
21218845
21218844
21218843
20888903
20888902
20888901
20888900
20888899
20888898
20888897
20888896
20888895
20888894
20888893
20888892
20888891
20888890
20888889
20888888
20888887
20888886
20888885
20888884
20888883
20888882
20888881
20888880
20888879
20888878
20888877
20888876
16357633
16357632
16357631
16357630
16357629
16357628
16357627
16357626
16357625
16357624
16357623
16357622
16357621
16357620
16357619
16357618
16357617
16357616
16357615
16357614
16357613
16357612
16357611
16357610
16357609
16357608
16357607
16357600
16357599
16357598
16357597
16357596
16357595
16357594
16357593
16357592
16357591
16357590
16357589
16357588
16357587
16357586
16357585
16357584
16357583
16357582
16357581
16357580
16357579
16357578
16357577
16357576
16357575
16357574
16357573
16357572
16357571
16357570
16357569
16357568
16357567
16357566
16357565
16357564
16357563
16357562
16357561
16357560
16357559
16357558
16357557
16357556
16357555
16357554
16357553
16357552
16357551
16357550
16357549
16357548
16357547
16357546
16357545
16357544
16357543
16357542
16357541
16357540
16357539
16357538
16357537
16357536
16357535
16357534
16357533
16357532
16357531
16357530
16357529
16357528
16357527
16357526
16357525
16357524
16357523
16357522
16357521
16357520
16357519
16357518
16357517
16357516
16357515
16357514
16357513
16357512
16357511
16357510
16357509
16357508
16357507
16357506
16357505
16357504
16357503
16357502
16357501
16357500
16357499
16357498
16357497
16357496
16357495
16357494
16357493
16357492
16357491
16357490
16357489
16357488
16357487
16357486
16357485
16357484
16357483
16357482
16357481
16357480
16357479
16357478
16357477
16357476
16357475
16357474
16357473
16357472
16357471
16357470
16357469
16357468
16357467
16357466
16357465
16357464
16357463
16357462
16357461
16357460
16357459
16357458
16357457
16357456
16357455
16357454
16357453
16357452
16357451
16357450
16357449
16357448
16357447
16357446
16357445
16357444
16357443
16357442
16357441
16357440
16357439
16357438
16357437
16357436
16357435
16357434
16357433
16357432
16357431
16357430
16357429
16357428
16357427
16357426
16357425
16357424
16357423
16357422
16357421
16357420
16357419
16357418
16357417
16357416
16357415
16357414
16357413
16357412
16357411
16357410
16357409
16357408
16357407
16357406
16357405
16357404
16357403
16357402
16357401
16357400
16357399
16357398
16357397
16357396
16357395
16357394
16357393
16357392
16357391
16357390
16357389
16357388
16357387
16357386
16357385
16357384
16357383
16357382
16357381
16357380
16357379
16357378
16357377
16357376
16357375
16357374
16357373
16357372
16357371
16357370
16357369
16357368
16357367
16357366
16357365
16357364
16357363
16357362
16357361
16357360
16357359
16357358
16357357
16357356
16357355
16357354
16357353
16357352
16357351
16357350
16357349
16357348
16357347
16357346
16357345
16357344
16357343
16357342
16357341
16357340
16357339
16357338
16357337
16357336
16357335
16357334
16357333
16357332
16357331
16357330
16357329
16357328
16357327
16357326
16357325
16357324
16357323
16357322
16357321
16357320
16357319
16357318
16357317
16357316
16357315
16357314
16357313
16357312
16357311
16357310
16357309
16357308
16357307
16357306
16357305
16357304
16357303
16357302
16357301
16357300
16357299
16357298
16357297
16357296
16357295
16357294
16357293
16357292
16357291
16357290
16357289
16357288
16357287
16357286
16357285
16357284
16357283
16357282
16357281
16357280
16357279
16357278
16357277
16357276
16357275
16357274
16357273
16357272
16357271
16357270
16357269
16357268
16357267
16357266
16357265
16357264
16357263
16357262
16357261
16357260
16357259
16357258
16357257
16357256
16357255
16357254
16357253
16357252
16357251
16357250
16357249
16357248
16357247
16357246
16357245
16357244
16357243
16357242
16357241
16357240
16357239
16357238
16357237
16357236
16357235
16357234
16357233
16357232
16357231
16357230
16357229
16357228
16357227
16357226
16357225
16357224
16357223
16357222
16357221
16357220
16357219
16357218
16357217
16357216
16357215
16357214
16357213
16357212
16357211
16357210
16357209
16357208
16357207
16357206
16357205
16357204
16357203
16357202
16357201
16357200
16357199
16357198
16357197
16357196
16357195
16357194
16357193
16357192
16357191
16357190
16357189
16357188
16357187
16357186
16357185
16357184
16357183
16357182
16357181
16357180
16357179
16357178
16357177
16357176
16357175
16357174
16357173
16357172
16357171
16357170
16357169
16357168
16357167
16357166
16357165
16357164
16357163
16357162
16357161
16357160
16357159
16357158
16357157
16357156
16357155
16357154
16357153
14384141
14214654
14214653
14214652
14214651
14214650
14214649
14214648
14214647
14214646
14214645
14214644
14214643
14214642
14214641
14214640
14214639
14214638
14214637
14214636
14214635
14214634
14214633
14214632
14214631
14214630
14214629
14214628
14214627
14214626
13450483
13450482
13450481
13450480
13450479
13450478
13450477
13450476
13450475
13450474
13450473
13450472
13450471
13450470
13450469
13450468
13450467
13450466
13450465
13450464
13450463
13450462
13450461
13450460
13450459
13450458
13450457
13450456
13450455
13450454
13450453
13450452
13450451
13450450
13450449
13450448
13450447
13450446
13450445
13450444
13450443
13450442
13450441
13450440
13450439
13450438
13450437
13450436
13450435
13450434
13450433
13450432
13450431
13450430
13450429
13450428
13450427
13450426
13450425
13450424
13450423
13450422
13450421
13450420
13450419
13450418
13450417
13450416
13450415
13450414
13450413
13450412
13450411
13450410
13450409
13450408
13450407
13450406
13450405
13450404
13450403
13450402
13450401
13450400
13450399
13450398
13450397
13450396
13450395
13450394
11078008
11078007
11078006
11078005
11078004
11078003
11078002
11078001
11078000
11077999
11077998
11077997
11077996
11077995
11077994
11077993
11077992
11077991
11077990
11077989
11077988
11077987
11077986
11077985
11077984
11077983
11077982
11077981
11077980
11077979
11077978
11077977
11077976
11077975
11077974
11077973
11077972
11077971
11077970
11077969
11077968
11077967
11077966
11077965
11077964
11077963
11077962
11077961
11077960
11077959
11077958
11077957
11077956
11077955
11077954
11077953
11077952
11077951
11077950
11077949
11077948
11056517
11056516
11056515
11056514
11056513
11056512
11056511
11056510
11056509
11056508
11056507
11056506
11056505
11056504
11056503
11056502
11056501
11056500
11056499
11056498
11056497
11056496
11056495
11056494
11056493
11056492
11056491
11056490
11056489
11056488
11056487
11056486
11056485
11056484
11056483
11056482
11056481
11056480
11056479
11056478
11056477
11056476
11056475
11056474
11056473
11056472
11056471
11056470
11056469
11056468
11056467
11056466
11056465
11056464
11056463
11056462
11056461
11056460
11056459
11056458
11056457
11056456
11056455
11056454
11056453
11056452
11056451
11056450
11056449
11056448
11056447
11056446
11056445
11056444
11056443
11056442
11056441
11056440
11056439
11056438
11056437
11056436
11056435
11056434
11056433
11056432
11056431
11056430
11056429
11056428
11056427
11056426
11056425
11056424
11056423
11056422
11056421
11056420
11056419
11056418
11056417
11056416
11056415
11056414
11056413
11056412
11056411
11056410
11056409
11056408
11056407
11056406
11056405
11056404
11056403
11056402
11056401
11056400
11056399
11056398
11056397
11056396
11056395
11056394
11056393
11056392
11056391
11056390
11056389
11056388
11056387
11056386
11056385
11056384
11056383
11056382
11056381
11056380
11056379
11056378
11056377
11056376
11056375
11056374
11056373
11056372
11056371
11056370
11056369
11056368
11056367
11056366
11056365
11056364
11056363
11056362
11056361
11056360
11056359
11056358
11056357
11056356
11056355
11056354
11056353
11056352
11056351
11056350
11056349
11056348
11056347
11056346
11056345
11056344
11056343
11056342
11056341
11056340
11056339
11056338
11056337
11056336
11056335
11056334
11056333
11056332
11056331
11056330
10380324
10346777
10346776
10346775
10346774
10346773
10346772
10346771
10346770
10228585
10228584
10228583
10228582
10228581
10228580
10228579
10228578
10228577
10228576
10228575
10228574
10228573
10228572
10228571
10228570
10228569
10228568
10228567
10228566
10228565
10228564
10228563
10228562
10228561
10228560
10228559
10228558
10228557
10228556
10163252
10163251
10163250
10163249
10163248
10163247
10163246
10163245
10163244
10163243
10163242
10163241
10163240
10163239
10163238
10163237
10163236
10163235
10163234
10163233
10163232
10163231
10163230
10163229
10163228
10163227
10163226
10163225
10163224
10163223
10163222
10163221
10163220
10163219
10163218
10163217
10163216
10163215
10163214
10163213
10163212
10163211
10163210
10163209
10163208
10163207
10163206
10163205
10163204
10163203
10163202
10163201
10163200
10163199
10163198
10163197
10163196
10163195
10163194
10163193
10163192
10163191
10163190
10163189
10163188
10163187
10163186
10163185
10163184
10163183
10163182
10163181
10163180
10163179
10163178
10163177
10163176
10163175
10163174
10163173
10163172
10163171
10163170
10163169
10163168
10163167
7796371
7796370
7796369
7796368
7796367
7796366
7796365
7796364
7796363
7796362
7796361
7796360
7796359
7796358
7796357
7796356
7796355
7796354
7796353
7796352
7796351
7796350
7796349
7796348
7796347
7796346
7796345
7796344
7796343
7796342
7796341
7796340
7796339
7796338
7796337
7796336
7796335
7796334
7796333
7796332
7796331
7312505
7312504
7312492
7312491
7312490
7312489
7312488
7312487
7312486
7312485
7312484
7312483
7312482
7312481
7312480
7312479
7312478
7312477
7312476
7312475
7312474
7312473
7312472
7312471
7312470
7312469
7312468
7312467
7312466
7312465
7312464
7312463
7312462
7312461
7312460
7312459
7312458
7312457
7312456
7312455
7312454
7312453
7312452
7312451
7312450
7312449
7312448
7312447
7312446
7312445
7312444
7312443
7312442
7312441
7312440
7312439
7312438
7312437
7312436
7312435
7312434
7312433
7312432
7312431
7312430
7312429
7312428
7312427
7312426
7312425
7312424
7312423
7312422
7312421
7312420
7312419
7312418
7312417
7312416
7312415
7312414
7312413
7312412
7312411
7312410
7312409
7312408
7312407
7312406
7312405
6173371
6173370
6173369
6173368
6173367
6173366
6173365
6173364
6173363
6173362
6173361
6173360
6173359
6173358
6173357
6173356
6173355
6173354
6173353
6173352
6173351
6173350
6173349
6173348
6173347
6173346
6173345
6173344
6173343
6173342
6173341
6173340
6173339
6173338
6173337
6173336
6173335
6173334
6173333
6173332
6173331
6173330
6173329
6173328
6173327
6173326
6173325
6173324
6173323
6173322
6173321
6173320
6173319
6173318
6173317
6173316
6173315
6173314
6173313
6173312
6173311
6173310
6173309
6173308
6173307
6173306
6173305
6173304
6173303
6173302
6173301
6173300
6173299
6173298
6173297
6173296
5364094
5364093
5364092
5364091
5364090
5364089
5364088
5004755
5004754
5004753
5004752
5004751
5004750
5004749
5004748
5004747
5004746
5004745
5004744
5004743
5004742
5004741
4875595
4875594
4875593
4875592
4875591
4875590
4875589
4875588
4875587
4875586
4875585
4875584
4875583
4875582
4875581
4875580
4875579
4875578
4875577
4875576
4875575
4875574
4875573
4875572
4875571
4875570
4875569
4875568
4875567
4875566
4875565
4875564
4875563
4875562
4875561
4875560
4875559
4875558
4875557
4875556
4875555
4875554
4875553
4875552
4875551
4875550
4875549
4875548
4875547
4875546
4875545
4875544
4875543
4875542
4875541
4875540
4875539
4875538
4875537
4875536
4875535
4875534
4875533
4875532
4875531
4875529
4875528
4875527
4327393
4327392
4327391
4327390
4327388
3996338
3996337
3996336
3996335
3996334
3996333
3996332
3996331
3996330
3996329
3996328
3996327
3996326
3996325
3996324
3996323
3996322
3996321
3996320
3996319
3996318
3996317
3996316
3996315
3996314
3996313
3996312
3996311
3996310
3996309
3996308
3996307
3996306
3996305
3996304
3996303
3996302
3996301
3996300
3996299
3996298
3996297
3996296
3996295
3996294
3996293
3996292
3996291
3996290
3996289
3996288
3996287
3996286
3996285
3996284
3996283
3996282
3996281
3996280
3996279
3996278
3996277
3996276
3996275
3996274
3996273
3996272
3996271
3996270
3996269
3996268
3996267
3996266
3996265
3996264
3996263
3996262
3996261
3996260
3996259
3996258
3996257
3996256
3996255
3996254
3996253
3996252
3996251
3996250
3996249
3996248
3611819
3611818
3611817
3611816
3611815
3611814
3255489
3255488
3255487
3255486
3255485
3255484
3255483
3255482
3255481
3255480
3255479
3255478
3255477
3255476
3255475
3255474
3255473
3255472
3255471
3255470
3255469
3255468
3255467
3255466
3255465
3255464
3255463
3255462
3255461
3255460
3255459
3255458
3255457
3255456
3255455
3255454
3255453
3255452
3255451
3255450
3255449
3255448
3255447
3255446
3255445
3255444
3255443
3255442
3255441
3255439
3255438
3255437
3255436
3255435
3255434
3255433
3255432
3255431
2934544
2934542
2934540
2934539
2934538
2934537
2934536
2934535
2934533
2934532
2934530
2934528
2934527
2934526
2934525
2934523
2934522
2934521
2934520
2934519
2934516
2934515
2934514
2934513
2934512
2934511
2934510
2934509
2700076
2700075
